GalaxyCamera
GalaxyCamera
Forward
1.777778
RGBA(0.000, 0.000, 0.000, 0.000)
GalaxyCamera (UnityEngine.Camera)
-0.42489	-0.90121	-0.08533	0.00000
-0.66157	0.37348	-0.65026	0.00000
-0.61790	0.21984	0.75490	0.00000
0.00000	0.00000	0.00000	1.00000
Color
False
262144
-4
None
-1
20
60
False
None
False
32
Null
0.1
False
5
1080
(x:0.00, y:0.00, width:1920.00, height:1080.00)
1920
0.97428	0.00000	0.00000	0.00000
0.00000	1.73205	0.00000	0.00000
0.00000	0.00000	-1.01005	-0.20101
0.00000	0.00000	-1.00000	0.00000
(x:0.00, y:0.00, width:1.00, height:1.00)
UsePlayerSettings
10
False
0.022
Null
Default
True
(0.0, 0.0, 0.0)
-0.42489	-0.66157	-0.61790	0.00000
-0.90121	0.37348	0.21984	0.00000
-0.08533	-0.65026	0.75490	0.00000
0.00000	0.00000	0.00000	1.00000

sceneryCam
sceneryCam
Forward
1.777778
RGBA(0.634, 0.875, 1.000, 0.020)
sceneryCam (UnityEngine.Camera)
0.30010	0.15999	-0.94039	-9.15160
0.00000	0.98583	0.16772	11.82117
-0.95391	0.05033	-0.29585	-2.87911
0.00000	0.00000	0.00000	1.00000
Skybox
False
32768
-2
None
-1
1200
60
False
None
False
32
Null
0.5
False
100
1080
(x:0.00, y:0.00, width:1920.00, height:1080.00)
1920
0.97428	0.00000	0.00000	0.00000
0.00000	1.73205	0.00000	0.00000
0.00000	0.00000	-1.00083	-1.00042
0.00000	0.00000	-1.00000	0.00000
(x:0.00, y:0.00, width:1.00, height:1.00)
Forward
10
False
0.022
Null
Default
True
(0.0, 0.0, 0.0)
0.30010	0.00000	-0.95391	0.00000
0.15999	0.98583	0.05033	-10.04461
-0.94039	0.16772	-0.29585	-11.44058
0.00000	0.00000	0.00000	1.00000

Main Camera
Main Camera
Forward
1.777778
RGBA(0.634, 0.875, 1.000, 0.020)
Main Camera (UnityEngine.Camera)
0.30010	0.15999	-0.94039	-9.15160
0.00000	0.98583	0.16772	11.82117
-0.95391	0.05033	-0.29585	-2.87911
0.00000	0.00000	0.00000	1.00000
Nothing
False
65541
-1
None
-1
1200
60
False
None
False
32
Null
0.5
False
100
1080
(x:0.00, y:0.00, width:1920.00, height:1080.00)
1920
0.97428	0.00000	0.00000	0.00000
0.00000	1.73205	0.00000	0.00000
0.00000	0.00000	-1.00083	-1.00042
0.00000	0.00000	-1.00000	0.00000
(x:0.00, y:0.00, width:1.00, height:1.00)
Forward
10
False
0.022
Null
Default
True
(0.0, 0.0, 0.0)
0.30010	0.00000	-0.95391	0.00000
0.15999	0.98583	0.05033	-10.04461
-0.94039	0.16772	-0.29585	-11.44058
0.00000	0.00000	0.00000	1.00000

markerCam
markerCam
Forward
1.777778
RGBA(0.192, 0.302, 0.475, 0.020)
markerCam (UnityEngine.Camera)
0.30010	0.15999	-0.94039	-9.15160
0.00000	0.98583	0.16772	11.82117
-0.95391	0.05033	-0.29585	-2.87911
0.00000	0.00000	0.00000	1.00000
Depth
False
2
1
None
-1
1000
60
False
None
False
32
Null
0.3
False
100
1080
(x:0.00, y:0.00, width:1920.00, height:1080.00)
1920
0.97428	0.00000	0.00000	0.00000
0.00000	1.73205	0.00000	0.00000
0.00000	0.00000	-1.00060	-0.60018
0.00000	0.00000	-1.00000	0.00000
(x:0.00, y:0.00, width:1.00, height:1.00)
UsePlayerSettings
10
False
0.022
Null
Default
True
(0.0, 0.0, 0.0)
0.30010	0.00000	-0.95391	0.00000
0.15999	0.98583	0.05033	-10.04461
-0.94039	0.16772	-0.29585	-11.44058
0.00000	0.00000	0.00000	1.00000

EZGUI Cam
EZGUI Cam
Forward
1.777778
RGBA(0.192, 0.302, 0.475, 0.020)
EZGUI Cam (UnityEngine.Camera)
1.00000	0.00000	0.00000	0.00000
0.00000	1.00000	0.00000	1000.00000
0.00000	0.00000	-1.00000	0.00000
0.00000	0.00000	0.00000	1.00000
Depth
False
33554432
99
None
-1
1000
60
False
None
True
32
Null
1
True
540
1080
(x:0.00, y:0.00, width:1920.00, height:1080.00)
1920
0.00104	0.00000	0.00000	0.00000
0.00000	0.00185	0.00000	0.00000
0.00000	0.00000	-0.00200	-1.00200
0.00000	0.00000	0.00000	1.00000
(x:0.00, y:0.00, width:1.00, height:1.00)
UsePlayerSettings
10
False
0.022
Null
Default
True
(0.0, 0.0, 0.0)
1.00000	0.00000	0.00000	0.00000
0.00000	1.00000	0.00000	-1000.00000
0.00000	0.00000	-1.00000	0.00000
0.00000	0.00000	0.00000	1.00000

Camera
Camera
Forward
1.777778
RGBA(0.000, 0.000, 0.000, 1.000)
Camera (UnityEngine.Camera)
1.00000	0.00000	0.00000	0.00000
0.00000	1.00000	0.00000	0.00000
0.00000	0.00000	-1.00000	-1.00000
0.00000	0.00000	0.00000	1.00000
Color
False
2
100
None
-1
1000
60
False
None
True
32
Null
0.3
True
0.5
1080
(x:0.00, y:0.00, width:1920.00, height:1080.00)
1920
1.12500	0.00000	0.00000	0.00000
0.00000	2.00000	0.00000	0.00000
0.00000	0.00000	-0.00200	-1.00060
0.00000	0.00000	0.00000	1.00000
(x:0.00, y:0.00, width:1.00, height:1.00)
UsePlayerSettings
10
False
0.022
Null
Default
True
(0.0, 0.0, 0.0)
1.00000	0.00000	0.00000	0.00000
0.00000	1.00000	0.00000	0.00000
0.00000	0.00000	-1.00000	-1.00000
0.00000	0.00000	0.00000	1.00000

UI camera
UI camera
Forward
1.777778
RGBA(0.192, 0.302, 0.475, 0.020)
UI camera (UnityEngine.Camera)
1.00000	0.00000	0.00000	1.25000
0.00000	1.00000	0.00000	0.70313
0.00000	0.00000	-1.00000	-3.00000
0.00000	0.00000	0.00000	1.00000
Depth
False
4096
3
None
-1
20
60
False
None
True
32
Null
0.3
True
0.703125
1080
(x:0.00, y:0.00, width:1920.00, height:1080.00)
1920
0.80000	0.00000	0.00000	0.00000
0.00000	1.42222	0.00000	0.00000
0.00000	0.00000	-0.10152	-1.03046
0.00000	0.00000	0.00000	1.00000
(x:0.00, y:0.00, width:1.00, height:1.00)
UsePlayerSettings
10
False
0.022
 (UnityEngine.RenderTexture)
Default
True
(0.0, 0.0, 0.0)
1.00000	0.00000	0.00000	-1.25000
0.00000	1.00000	0.00000	-0.70313
0.00000	0.00000	-1.00000	-3.00000
0.00000	0.00000	0.00000	1.00000

UI mask camera
UI mask camera
Forward
1.777778
RGBA(0.192, 0.302, 0.475, 0.020)
UI mask camera (UnityEngine.Camera)
1.00000	0.00000	0.00000	1.25000
0.00000	1.00000	0.00000	0.70313
0.00000	0.00000	-1.00000	-3.00000
0.00000	0.00000	0.00000	1.00000
Nothing
False
8192
4
None
-1
20
60
False
None
True
32
Null
0.3
True
0.703125
1080
(x:0.00, y:0.00, width:1920.00, height:1080.00)
1920
0.80000	0.00000	0.00000	0.00000
0.00000	1.42222	0.00000	0.00000
0.00000	0.00000	-0.10152	-1.03046
0.00000	0.00000	0.00000	1.00000
(x:0.00, y:0.00, width:1.00, height:1.00)
UsePlayerSettings
10
False
0.022
 (UnityEngine.RenderTexture)
Default
True
(0.0, 0.0, 0.0)
1.00000	0.00000	0.00000	-1.25000
0.00000	1.00000	0.00000	-0.70313
0.00000	0.00000	-1.00000	-3.00000
0.00000	0.00000	0.00000	1.00000